WHEEL_LEFT
IF0 [30]: 08 00 00 00 e3 76 00 00 00 00 00 00 00 00 00 00 00 00 01 00 00 00 00 00 00 00 00 00 00 00
IF0 [30]: 08 00 00 00 09 78 00 00 00 00 00 00 00 00 00 00 00 00 01 00 00 00 00 00 00 00 00 00 00 00
WHEEL_RIGHT
IF0 [30]: 08 00 00 00 29 86 00 00 00 00 00 00 00 00 00 00 00 00 01 00 00 00 00 00 00 00 00 00 00 00
IF0 [30]: 08 00 00 00 d4 8a 00 00 00 00 00 00 00 00 00 00 00 00 01 00 00 00 00 00 00 00 00 00 00 00
PEDAL_ACCEL
IF0 [30]: 08 00 00 00 09 80 7e 69 00 00 00 00 00 00 00 00 00 00 01 00 00 00 00 00 00 00 00 00 00 00
IF0 [30]: 08 00 00 00 09 80 8d 6f 00 00 00 00 00 00 00 00 00 00 01 00 00 00 00 00 00 00 00 00 00 00
PEDAL_BRAKE
IF0 [30]: 08 00 00 00 09 80 00 00 e2 32 00 00 00 00 00 00 00 00 01 00 00 00 00 00 00 00 00 00 00 00
IF0 [30]: 08 00 00 00 09 80 00 00 51 70 00 00 00 00 00 00 00 00 01 00 00 00 00 00 00 00 00 00 00 00
PEDAL_CLUTCH
IF0 [30]: 08 00 00 00 09 80 00 00 00 00 3f 04 00 00 00 00 00 00 01 00 00 00 00 00 00 00 00 00 00 00
IF0 [30]: 08 00 00 00 09 80 00 00 00 00 2d 06 00 00 00 00 00 00 01 00 00 00 00 00 00 00 00 00 00 00
X
IF0 [30]: 28 00 00 00 09 80 00 00 00 00 00 00 00 00 00 00 00 00 01 00 00 00 00 00 00 00 00 00 00 00
IF0 [30]: 08 00 00 00 09 80 00 00 00 00 00 00 00 00 00 00 00 00 01 00 00 00 00 00 00 00 00 00 00 00
Y
IF0 [30]: 88 00 00 00 09 80 00 00 00 00 00 00 00 00 00 00 00 00 01 00 00 00 00 00 00 00 00 00 00 00
IF0 [30]: 08 00 00 00 09 80 00 00 00 00 00 00 00 00 00 00 00 00 01 00 00 00 00 00 00 00 00 00 00 00
A
IF0 [30]: 18 00 00 00 09 80 00 00 00 00 00 00 00 00 00 00 00 00 01 00 00 00 00 00 00 00 00 00 00 00
IF0 [30]: 08 00 00 00 09 80 00 00 00 00 00 00 00 00 00 00 00 00 01 00 00 00 00 00 00 00 00 00 00 00
B
IF0 [30]: 48 00 00 00 09 80 00 00 00 00 00 00 00 00 00 00 00 00 01 00 00 00 00 00 00 00 00 00 00 00
IF0 [30]: 08 00 00 00 09 80 00 00 00 00 00 00 00 00 00 00 00 00 01 00 00 00 00 00 00 00 00 00 00 00
LT
IF0 [30]: 08 08 00 00 09 80 00 00 00 00 00 00 00 00 00 00 00 00 01 00 00 00 00 00 00 00 00 00 00 00
IF0 [30]: 08 00 00 00 0c 80 00 00 00 00 00 00 00 00 00 00 00 00 01 00 00 00 00 00 00 00 00 00 00 00
RT
IF0 [30]: 08 04 00 00 0c 80 00 00 00 00 00 00 00 00 00 00 00 00 01 00 00 00 00 00 00 00 00 00 00 00
IF0 [30]: 08 00 00 00 0c 80 00 00 00 00 00 00 00 00 00 00 00 00 01 00 00 00 00 00 00 00 00 00 00 00
HAT_UP
IF0 [30]: 00 00 00 00 0c 80 00 00 00 00 00 00 00 00 00 00 00 00 01 00 00 00 00 00 00 00 00 00 00 00
IF0 [30]: 08 00 00 00 0c 80 00 00 00 00 00 00 00 00 00 00 00 00 01 00 00 00 00 00 00 00 00 00 00 00
HAT_DOWN
IF0 [30]: 04 00 00 00 ef 7f 00 00 00 00 00 00 00 00 00 00 00 00 01 00 00 00 00 00 00 00 00 00 00 00
IF0 [30]: 08 00 00 00 ef 7f 00 00 00 00 00 00 00 00 00 00 00 00 01 00 00 00 00 00 00 00 00 00 00 00
HAT_LEFT
IF0 [30]: 06 00 00 00 fc 7f 00 00 00 00 00 00 00 00 00 00 00 00 01 00 00 00 00 00 00 00 00 00 00 00
IF0 [30]: 08 00 00 00 fc 7f 00 00 00 00 00 00 00 00 00 00 00 00 01 00 00 00 00 00 00 00 00 00 00 00
HAT_RIGHT
IF0 [30]: 02 00 00 00 fc 7f 00 00 00 00 00 00 00 00 00 00 00 00 01 00 00 00 00 00 00 00 00 00 00 00
IF0 [30]: 08 00 00 00 fc 7f 00 00 00 00 00 00 00 00 00 00 00 00 01 00 00 00 00 00 00 00 00 00 00 00
SHARE
IF0 [30]: 08 10 00 00 fc 7f 00 00 00 00 00 00 00 00 00 00 00 00 01 00 00 00 00 00 00 00 00 00 00 00
IF0 [30]: 08 00 00 00 fc 7f 00 00 00 00 00 00 00 00 00 00 00 00 01 00 00 00 00 00 00 00 00 00 00 00
MENU
IF0 [30]: 08 20 00 00 fc 7f 00 00 00 00 00 00 00 00 00 00 00 00 01 00 00 00 00 00 00 00 00 00 00 00
IF0 [30]: 08 00 00 00 fd 7f 00 00 00 00 00 00 00 00 00 00 00 00 01 00 00 00 00 00 00 00 00 00 00 00
LSB
IF0 [30]: 08 80 00 00 fd 7f 00 00 00 00 00 00 00 00 00 00 00 00 01 00 00 00 00 00 00 00 00 00 00 00
IF0 [30]: 08 00 00 00 fd 7f 00 00 00 00 00 00 00 00 00 00 00 00 01 00 00 00 00 00 00 00 00 00 00 00
RSB
IF0 [30]: 08 40 00 00 fd 7f 00 00 00 00 00 00 00 00 00 00 00 00 01 00 00 00 00 00 00 00 00 00 00 00
IF0 [30]: 08 00 00 00 fd 7f 00 00 00 00 00 00 00 00 00 00 00 00 01 00 00 00 00 00 00 00 00 00 00 00
PS
IF0 [30]: 08 00 00 80 fd 7f 00 00 00 00 00 00 00 00 00 00 00 00 01 00 00 00 00 00 00 00 00 00 00 00
IF0 [30]: 08 00 00 00 fd 7f 00 00 00 00 00 00 00 00 00 00 00 00 01 00 00 00 00 00 00 00 00 00 00 00
GEAR_UP
IF0 [30]: 08 01 00 00 e0 80 00 00 00 00 00 00 00 00 00 00 00 00 01 00 00 00 00 00 00 00 00 00 00 00
IF0 [30]: 08 00 00 00 e0 80 00 00 00 00 00 00 00 00 00 00 00 00 01 00 00 00 00 00 00 00 00 00 00 00
GEAR_DOWN
IF0 [30]: 08 02 00 00 3f 80 00 00 00 00 00 00 00 00 00 00 00 00 01 00 00 00 00 00 00 00 00 00 00 00
IF0 [30]: 08 00 00 00 3f 80 00 00 00 00 00 00 00 00 00 00 00 00 01 00 00 00 00 00 00 00 00 00 00 00
LEFT_ROTERY_CW
IF0 [30]: 08 00 00 10 3f 80 00 00 00 00 00 00 00 00 00 00 00 00 01 00 00 00 00 00 00 00 00 00 00 00
IF0 [30]: 08 00 00 00 3f 80 00 00 00 00 00 00 00 00 00 00 00 00 01 00 00 00 00 00 00 00 00 00 00 00
LEFT_ROTERY_CCW
IF0 [30]: 08 00 00 20 3f 80 00 00 00 00 00 00 00 00 00 00 00 00 01 00 00 00 00 00 00 00 00 00 00 00
IF0 [30]: 08 00 00 00 3f 80 00 00 00 00 00 00 00 00 00 00 00 00 01 00 00 00 00 00 00 00 00 00 00 00
LEFT_ROTERY_CLICK
IF0 [30]: 08 00 00 40 3f 80 00 00 00 00 00 00 00 00 00 00 00 00 01 00 00 00 00 00 00 00 00 00 00 00
IF0 [30]: 08 00 00 00 3f 80 00 00 00 00 00 00 00 00 00 00 00 00 01 00 00 00 00 00 00 00 00 00 00 00
RIGHT_ROTERY_CW
IF0 [30]: 08 00 00 02 3f 80 00 00 00 00 00 00 00 00 00 00 00 00 01 00 00 00 00 00 00 00 00 00 00 00
IF0 [30]: 08 00 00 00 3f 80 00 00 00 00 00 00 00 00 00 00 00 00 01 00 00 00 00 00 00 00 00 00 00 00
RIGHT_ROTERY_CCW
IF0 [30]: 08 00 00 04 3f 80 00 00 00 00 00 00 00 00 00 00 00 00 01 00 00 00 00 00 00 00 00 00 00 00
IF0 [30]: 08 00 00 00 3f 80 00 00 00 00 00 00 00 00 00 00 00 00 01 00 00 00 00 00 00 00 00 00 00 00
RIGHT_ROTERY_CLICK
IF0 [30]: 08 00 00 08 3f 80 00 00 00 00 00 00 00 00 00 00 00 00 01 00 00 00 00 00 00 00 00 00 00 00
IF0 [30]: 08 00 00 00 3f 80 00 00 00 00 00 00 00 00 00 00 00 00 01 00 00 00 00 00 00 00 00 00 00 00
