WHEEL_LEFT
IF0 [64]: 01 80 80 80 80 08 00 00 00 00 00 00 00 00 00 00 00 00 00 00 00 00 00 00 00 00 00 00 00 00 00 00 00 00 00 00 00 00 00 00 00 00 00 81 7e ff ff ff ff ff ff 00 ff ff 00 00 00 00 00 00 00 00 00 00
IF0 [64]: 01 80 80 80 80 08 00 00 00 00 00 00 00 00 00 00 00 00 00 00 00 00 00 00 00 00 00 00 00 00 00 00 00 00 00 00 00 00 00 00 00 00 00 6d 7e ff ff ff ff ff ff 00 ff ff 00 00 00 00 00 00 00 00 00 00
WHEEL_RIGHT
IF0 [64]: 01 80 80 80 80 08 00 00 00 00 00 00 00 00 00 00 00 00 00 00 00 00 00 00 00 00 00 00 00 00 00 00 00 00 00 00 00 00 00 00 00 00 00 47 80 ff ff ff ff ff ff 00 ff ff 00 00 00 00 00 00 00 00 00 00
IF0 [64]: 01 80 80 80 80 08 00 00 00 00 00 00 00 00 00 00 00 00 00 00 00 00 00 00 00 00 00 00 00 00 00 00 00 00 00 00 00 00 00 00 00 00 00 80 80 ff ff ff ff ff ff 00 ff ff 00 00 00 00 00 00 00 00 00 00
PEDAL_ACCEL
IF0 [64]: 01 80 80 80 80 08 00 00 00 00 00 00 00 00 00 00 00 00 00 00 00 00 00 00 00 00 00 00 00 00 00 00 00 00 00 00 00 00 00 00 00 00 00 f6 80 43 9b ff ff ff ff 00 ff ff 00 00 00 00 00 00 00 00 00 00
IF0 [64]: 01 80 80 80 80 08 00 00 00 00 00 00 00 00 00 00 00 00 00 00 00 00 00 00 00 00 00 00 00 00 00 00 00 00 00 00 00 00 00 00 00 00 00 f6 80 b4 87 ff ff ff ff 00 ff ff 00 00 00 00 00 00 00 00 00 00
PEDAL_BRAKE
IF0 [64]: 01 80 80 80 80 08 00 00 00 00 00 00 00 00 00 00 00 00 00 00 00 00 00 00 00 00 00 00 00 00 00 00 00 00 00 00 00 00 00 00 00 00 00 f6 80 ff ff 97 c2 ff ff 00 ff ff 00 00 00 00 00 00 00 00 00 00
IF0 [64]: 01 80 80 80 80 08 00 00 00 00 00 00 00 00 00 00 00 00 00 00 00 00 00 00 00 00 00 00 00 00 00 00 00 00 00 00 00 00 00 00 00 00 00 f6 80 ff ff 45 b9 ff ff 00 ff ff 00 00 00 00 00 00 00 00 00 00
PEDAL_CLUTCH
IF0 [64]: 01 80 80 80 80 08 00 00 00 00 00 00 00 00 00 00 00 00 00 00 00 00 00 00 00 00 00 00 00 00 00 00 00 00 00 00 00 00 00 00 00 00 00 f6 80 ff ff ff ff ad b3 00 ff ff 00 00 00 00 00 00 00 00 00 00
IF0 [64]: 01 80 80 80 80 08 00 00 00 00 00 00 00 00 00 00 00 00 00 00 00 00 00 00 00 00 00 00 00 00 00 00 00 00 00 00 00 00 00 00 00 00 00 f6 80 ff ff ff ff b1 a3 00 ff ff 00 00 00 00 00 00 00 00 00 00
X
IF0 [64]: 01 80 80 80 80 18 00 00 00 00 00 00 00 00 00 00 00 00 00 00 00 00 00 00 00 00 00 00 00 00 00 00 00 00 00 00 00 00 00 00 00 00 00 af 7f ff ff ff ff ff ff 00 ff ff 00 00 00 00 00 00 00 00 00 00
IF0 [64]: 01 80 80 80 80 08 00 00 00 00 00 00 00 00 00 00 00 00 00 00 00 00 00 00 00 00 00 00 00 00 00 00 00 00 00 00 00 00 00 00 00 00 00 af 7f ff ff ff ff ff ff 00 ff ff 00 00 00 00 00 00 00 00 00 00
Y
IF0 [64]: 01 80 80 80 80 88 00 00 00 00 00 00 00 00 00 00 00 00 00 00 00 00 00 00 00 00 00 00 00 00 00 00 00 00 00 00 00 00 00 00 00 00 00 af 7f ff ff ff ff ff ff 00 ff ff 00 00 00 00 00 00 00 00 00 00
IF0 [64]: 01 80 80 80 80 08 00 00 00 00 00 00 00 00 00 00 00 00 00 00 00 00 00 00 00 00 00 00 00 00 00 00 00 00 00 00 00 00 00 00 00 00 00 af 7f ff ff ff ff ff ff 00 ff ff 00 00 00 00 00 00 00 00 00 00
A
IF0 [64]: 01 80 80 80 80 28 00 00 00 00 00 00 00 00 00 00 00 00 00 00 00 00 00 00 00 00 00 00 00 00 00 00 00 00 00 00 00 00 00 00 00 00 00 af 7f ff ff ff ff ff ff 00 ff ff 00 00 00 00 00 00 00 00 00 00
IF0 [64]: 01 80 80 80 80 08 00 00 00 00 00 00 00 00 00 00 00 00 00 00 00 00 00 00 00 00 00 00 00 00 00 00 00 00 00 00 00 00 00 00 00 00 00 af 7f ff ff ff ff ff ff 00 ff ff 00 00 00 00 00 00 00 00 00 00
B
IF0 [64]: 01 80 80 80 80 48 00 00 00 00 00 00 00 00 00 00 00 00 00 00 00 00 00 00 00 00 00 00 00 00 00 00 00 00 00 00 00 00 00 00 00 00 00 b1 7f ff ff ff ff ff ff 00 ff ff 00 00 00 00 00 00 00 00 00 00
IF0 [64]: 01 80 80 80 80 08 00 00 00 00 00 00 00 00 00 00 00 00 00 00 00 00 00 00 00 00 00 00 00 00 00 00 00 00 00 00 00 00 00 00 00 00 00 b1 7f ff ff ff ff ff ff 00 ff ff 00 00 00 00 00 00 00 00 00 00
LT
IF0 [64]: 01 80 80 80 80 08 04 00 00 00 00 00 00 00 00 00 00 00 00 00 00 00 00 00 00 00 00 00 00 00 00 00 00 00 00 00 00 00 00 00 00 00 00 b1 7f ff ff ff ff ff ff 00 ff ff 00 00 00 00 00 00 00 00 00 00
IF0 [64]: 01 80 80 80 80 08 00 00 00 00 00 00 00 00 00 00 00 00 00 00 00 00 00 00 00 00 00 00 00 00 00 00 00 00 00 00 00 00 00 00 00 00 00 b1 7f ff ff ff ff ff ff 00 ff ff 00 00 00 00 00 00 00 00 00 00
RT
IF0 [64]: 01 80 80 80 80 08 08 00 00 00 00 00 00 00 00 00 00 00 00 00 00 00 00 00 00 00 00 00 00 00 00 00 00 00 00 00 00 00 00 00 00 00 00 b1 7f ff ff ff ff ff ff 00 ff ff 00 00 00 00 00 00 00 00 00 00
IF0 [64]: 01 80 80 80 80 08 00 00 00 00 00 00 00 00 00 00 00 00 00 00 00 00 00 00 00 00 00 00 00 00 00 00 00 00 00 00 00 00 00 00 00 00 00 b3 7f ff ff ff ff ff ff 00 ff ff 00 00 00 00 00 00 00 00 00 00
HAT_UP
IF0 [64]: 01 80 80 80 80 00 00 00 00 00 00 00 00 00 00 00 00 00 00 00 00 00 00 00 00 00 00 00 00 00 00 00 00 00 00 00 00 00 00 00 00 00 00 ff 7f ff ff ff ff ff ff 00 ff ff 00 00 00 00 00 00 00 00 00 00
IF0 [64]: 01 80 80 80 80 08 00 00 00 00 00 00 00 00 00 00 00 00 00 00 00 00 00 00 00 00 00 00 00 00 00 00 00 00 00 00 00 00 00 00 00 00 00 ff 7f ff ff ff ff ff ff 00 ff ff 00 00 00 00 00 00 00 00 00 00
HAT_DOWN
IF0 [64]: 01 80 80 80 80 04 00 00 00 00 00 00 00 00 00 00 00 00 00 00 00 00 00 00 00 00 00 00 00 00 00 00 00 00 00 00 00 00 00 00 00 00 00 f9 7f ff ff ff ff ff ff 00 ff ff 00 00 00 00 00 00 00 00 00 00
IF0 [64]: 01 80 80 80 80 08 00 00 00 00 00 00 00 00 00 00 00 00 00 00 00 00 00 00 00 00 00 00 00 00 00 00 00 00 00 00 00 00 00 00 00 00 00 f9 7f ff ff ff ff ff ff 00 ff ff 00 00 00 00 00 00 00 00 00 00
HAT_LEFT
IF0 [64]: 01 80 80 80 80 06 00 00 00 00 00 00 00 00 00 00 00 00 00 00 00 00 00 00 00 00 00 00 00 00 00 00 00 00 00 00 00 00 00 00 00 00 00 f9 7f ff ff ff ff ff ff 00 ff ff 00 00 00 00 00 00 00 00 00 00
IF0 [64]: 01 80 80 80 80 08 00 00 00 00 00 00 00 00 00 00 00 00 00 00 00 00 00 00 00 00 00 00 00 00 00 00 00 00 00 00 00 00 00 00 00 00 00 f9 7f ff ff ff ff ff ff 00 ff ff 00 00 00 00 00 00 00 00 00 00
HAT_RIGHT
IF0 [64]: 01 80 80 80 80 02 00 00 00 00 00 00 00 00 00 00 00 00 00 00 00 00 00 00 00 00 00 00 00 00 00 00 00 00 00 00 00 00 00 00 00 00 00 f9 7f ff ff ff ff ff ff 00 ff ff 00 00 00 00 00 00 00 00 00 00
IF0 [64]: 01 80 80 80 80 08 00 00 00 00 00 00 00 00 00 00 00 00 00 00 00 00 00 00 00 00 00 00 00 00 00 00 00 00 00 00 00 00 00 00 00 00 00 f9 7f ff ff ff ff ff ff 00 ff ff 00 00 00 00 00 00 00 00 00 00
SHARE
IF0 [64]: 01 80 80 80 80 08 10 00 00 00 00 00 00 00 00 00 00 00 00 00 00 00 00 00 00 00 00 00 00 00 00 00 00 00 00 00 00 00 00 00 00 00 00 f9 7f ff ff ff ff ff ff 00 ff ff 00 00 00 00 00 00 00 00 00 00
IF0 [64]: 01 80 80 80 80 08 00 00 00 00 00 00 00 00 00 00 00 00 00 00 00 00 00 00 00 00 00 00 00 00 00 00 00 00 00 00 00 00 00 00 00 00 00 f9 7f ff ff ff ff ff ff 00 ff ff 00 00 00 00 00 00 00 00 00 00
MENU
IF0 [64]: 01 80 80 80 80 08 20 00 00 00 00 00 00 00 00 00 00 00 00 00 00 00 00 00 00 00 00 00 00 00 00 00 00 00 00 00 00 00 00 00 00 00 00 f9 7f ff ff ff ff ff ff 00 ff ff 00 00 00 00 00 00 00 00 00 00
IF0 [64]: 01 80 80 80 80 08 00 00 00 00 00 00 00 00 00 00 00 00 00 00 00 00 00 00 00 00 00 00 00 00 00 00 00 00 00 00 00 00 00 00 00 00 00 f9 7f ff ff ff ff ff ff 00 ff ff 00 00 00 00 00 00 00 00 00 00
LSB
IF0 [64]: 01 80 80 80 80 08 40 00 00 00 00 00 00 00 00 00 00 00 00 00 00 00 00 00 00 00 00 00 00 00 00 00 00 00 00 00 00 00 00 00 00 00 00 f9 7f ff ff ff ff ff ff 00 ff ff 00 00 00 00 00 00 00 00 00 00
IF0 [64]: 01 80 80 80 80 08 00 00 00 00 00 00 00 00 00 00 00 00 00 00 00 00 00 00 00 00 00 00 00 00 00 00 00 00 00 00 00 00 00 00 00 00 00 f9 7f ff ff ff ff ff ff 00 ff ff 00 00 00 00 00 00 00 00 00 00
RSB
IF0 [64]: 01 80 80 80 80 08 80 00 00 00 00 00 00 00 00 00 00 00 00 00 00 00 00 00 00 00 00 00 00 00 00 00 00 00 00 00 00 00 00 00 00 00 00 f9 7f ff ff ff ff ff ff 00 ff ff 00 00 00 00 00 00 00 00 00 00
IF0 [64]: 01 80 80 80 80 08 00 00 00 00 00 00 00 00 00 00 00 00 00 00 00 00 00 00 00 00 00 00 00 00 00 00 00 00 00 00 00 00 00 00 00 00 00 f9 7f ff ff ff ff ff ff 00 ff ff 00 00 00 00 00 00 00 00 00 00
PS
IF0 [64]: 01 80 80 80 80 08 00 01 00 00 00 00 00 00 00 00 00 00 00 00 00 00 00 00 00 00 00 00 00 00 00 00 00 00 00 00 00 00 00 00 00 00 00 f9 7f ff ff ff ff ff ff 00 ff ff 00 00 00 00 00 00 00 00 00 00
IF0 [64]: 01 80 80 80 80 08 00 00 00 00 00 00 00 00 00 00 00 00 00 00 00 00 00 00 00 00 00 00 00 00 00 00 00 00 00 00 00 00 00 00 00 00 00 f9 7f ff ff ff ff ff ff 00 ff ff 00 00 00 00 00 00 00 00 00 00
GEAR_UP
IF0 [64]: 01 80 80 80 80 08 02 00 00 00 00 00 00 00 00 00 00 00 00 00 00 00 00 00 00 00 00 00 00 00 00 00 00 00 00 00 00 00 00 00 00 00 00 a2 80 ff ff ff ff ff ff 00 ff ff 00 00 00 00 00 00 00 00 00 00
IF0 [64]: 01 80 80 80 80 08 00 00 00 00 00 00 00 00 00 00 00 00 00 00 00 00 00 00 00 00 00 00 00 00 00 00 00 00 00 00 00 00 00 00 00 00 00 a2 80 ff ff ff ff ff ff 00 ff ff 00 00 00 00 00 00 00 00 00 00
GEAR_DOWN
IF0 [64]: 01 80 80 80 80 08 00 00 00 00 00 00 00 00 00 00 00 00 00 00 00 00 00 00 00 00 00 00 00 00 00 00 00 00 00 00 00 00 00 00 00 00 00 9c 81 ff ff ff ff ff ff 00 ff ff 00 00 00 00 00 00 00 00 00 00
IF0 [64]: 01 80 80 80 80 08 01 00 00 00 00 00 00 00 00 00 00 00 00 00 00 00 00 00 00 00 00 00 00 00 00 00 00 00 00 00 00 00 00 00 00 00 00 9c 81 ff ff ff ff ff ff 00 ff ff 00 00 00 00 00 00 00 00 00 00
LEFT_ROTERY_CW
IF0 [64]: 01 80 80 80 80 08 00 00 00 00 00 00 00 00 00 00 00 00 00 00 00 00 00 00 00 00 00 00 00 00 00 00 00 00 00 00 00 00 00 00 00 00 00 91 7f ff ff ff ff ff ff 00 ff ff 10 00 00 00 00 00 00 00 00 00
IF0 [64]: 01 80 80 80 80 08 00 00 00 00 00 00 00 00 00 00 00 00 00 00 00 00 00 00 00 00 00 00 00 00 00 00 00 00 00 00 00 00 00 00 00 00 00 91 7f ff ff ff ff ff ff 00 ff ff 00 00 00 00 00 00 00 00 00 00
LEFT_ROTERY_CCW
IF0 [64]: 01 80 80 80 80 08 00 00 00 00 00 00 00 00 00 00 00 00 00 00 00 00 00 00 00 00 00 00 00 00 00 00 00 00 00 00 00 00 00 00 00 00 00 91 7f ff ff ff ff ff ff 00 ff ff 08 00 00 00 00 00 00 00 00 00
IF0 [64]: 01 80 80 80 80 08 00 00 00 00 00 00 00 00 00 00 00 00 00 00 00 00 00 00 00 00 00 00 00 00 00 00 00 00 00 00 00 00 00 00 00 00 00 91 7f ff ff ff ff ff ff 00 ff ff 00 00 00 00 00 00 00 00 00 00
LEFT_ROTERY_CLICK
IF0 [64]: 01 80 80 80 80 08 00 00 00 00 00 00 00 00 00 00 00 00 00 00 00 00 00 00 00 00 00 00 00 00 00 00 00 00 00 00 00 00 00 00 00 00 00 91 7f ff ff ff ff ff ff 00 ff ff 20 00 00 00 00 00 00 00 00 00
IF0 [64]: 01 80 80 80 80 08 00 00 00 00 00 00 00 00 00 00 00 00 00 00 00 00 00 00 00 00 00 00 00 00 00 00 00 00 00 00 00 00 00 00 00 00 00 91 7f ff ff ff ff ff ff 00 ff ff 00 00 00 00 00 00 00 00 00 00
RIGHT_ROTERY_CW
IF0 [64]: 01 80 80 80 80 08 00 00 00 00 00 00 00 00 00 00 00 00 00 00 00 00 00 00 00 00 00 00 00 00 00 00 00 00 00 00 00 00 00 00 00 00 00 91 7f ff ff ff ff ff ff 00 ff ff 04 00 00 00 00 00 00 00 00 00
IF0 [64]: 01 80 80 80 80 08 00 00 00 00 00 00 00 00 00 00 00 00 00 00 00 00 00 00 00 00 00 00 00 00 00 00 00 00 00 00 00 00 00 00 00 00 00 91 7f ff ff ff ff ff ff 00 ff ff 00 00 00 00 00 00 00 00 00 00
RIGHT_ROTERY_CCW
IF0 [64]: 01 80 80 80 80 08 00 00 00 00 00 00 00 00 00 00 00 00 00 00 00 00 00 00 00 00 00 00 00 00 00 00 00 00 00 00 00 00 00 00 00 00 00 91 7f ff ff ff ff ff ff 00 ff ff 02 00 00 00 00 00 00 00 00 00
IF0 [64]: 01 80 80 80 80 08 00 00 00 00 00 00 00 00 00 00 00 00 00 00 00 00 00 00 00 00 00 00 00 00 00 00 00 00 00 00 00 00 00 00 00 00 00 91 7f ff ff ff ff ff ff 00 ff ff 00 00 00 00 00 00 00 00 00 00
RIGHT_ROTERY_CLICK
IF0 [64]: 01 80 80 80 80 08 00 00 00 00 00 00 00 00 00 00 00 00 00 00 00 00 00 00 00 00 00 00 00 00 00 00 00 00 00 00 00 00 00 00 00 00 00 91 7f ff ff ff ff ff ff 00 ff ff 01 00 00 00 00 00 00 00 00 00
IF0 [64]: 01 80 80 80 80 08 00 00 00 00 00 00 00 00 00 00 00 00 00 00 00 00 00 00 00 00 00 00 00 00 00 00 00 00 00 00 00 00 00 00 00 00 00 91 7f ff ff ff ff ff ff 00 ff ff 00 00 00 00 00 00 00 00 00 00
